		DFS Iter.	DFS Rec.	BFS Iter.	BFS Rec.	Dijkstra	A*
Adjacency Matrix, Source -> Destination
Path		1	0.25	0.25	0.25	0.25	0.25
Explored	0.5	0.125	0.1875	0.1875	1	0.25
Time		0.20693	0.053898	0.123195	0.129933	0.603465	0.333013
Distance	1	0.111111	0.111111	0.111111	0.111111	0.111111
Cost		1	0.25	0.25	0.25	0.25	0.25
Adjacency List, Source -> Destination
Path		0.5	0.25	0.25	0.25	0.75	0.75
Explored	0.25	0.125	0.1875	0.1875	1	0.5625
Time		0.0307988	0.0336862	0.0606352	0.0654475	0.387873	0.561116
Distance	0.333333	0.111111	0.111111	0.111111	0.777778	0.777778
Cost		0.5	0.25	0.25	0.25	1	1
Adjacency Matrix, Destination -> Source
Path		1	0.25	0.25	0.25	0.25	0.25
Explored	0.5	0.125	0.1875	0.1875	1	0.25
Time		0.20693	0.053898	0.123195	0.129933	0.603465	0.333013
Distance	1	0.111111	0.111111	0.111111	0.111111	0.111111
Cost		1	0.25	0.25	0.25	0.25	0.25
Adjacency List, Destination -> Source
Path		0.5	0.25	0.25	0.25	0.75	0.75
Explored	0.25	0.125	0.1875	0.1875	1	0.5625
Time		0.0307988	0.0336862	0.0606352	0.0654475	0.387873	0.561116
Distance	0.333333	0.111111	0.111111	0.111111	0.777778	0.777778
Cost		0.5	0.25	0.25	0.25	1	1
